1160394
2826555
5972112
11766253
19995124

[7, 7, 1, 1, 0, 3, 4, 4, 3, 0, 6, 6, 5, 5, 0, 2, 2]
[7, 12, 12, 7, 3, 5, 5, 3, 0, 10, 10, 14, 14, 2, 2, 0, 6, 4, 6, 4, 0, 17, 17, 13, 13, 18, 18, 0, 16, 16, 9, 11, 11, 9, 8, 8, 0, 15, 15, 1, 1]
[34, 34, 35, 35, 22, 22, 19, 19, 0, 1, 1, 18, 18, 32, 32, 0, 2, 2, 20, 20, 16, 4, 16, 8, 4, 21, 21, 8, 0, 15, 15, 11, 13, 13, 11, 23, 23, 30, 30, 0, 6, 33, 6, 33, 0, 10, 31, 10, 31, 24, 14, 24, 14, 7, 17, 7, 3, 5, 17, 5, 3, 0, 27, 27, 26, 9, 26, 28, 28, 12, 12, 9, 0, 25, 25, 29, 29]
[12, 69, 12, 69, 46, 53, 46, 79, 45, 79, 45, 53, 8, 8, 0, 47, 47, 55, 55, 1, 1, 30, 30, 0, 66, 66, 61, 61, 41, 41, 54, 54, 70, 70, 0, 24, 77, 24, 77, 31, 35, 31, 35, 0, 67, 67, 51, 51, 73, 73, 39, 39, 0, 4, 4, 64, 26, 64, 26, 40, 68, 68, 9, 33, 9, 40, 33, 21, 21, 0, 2, 28, 28, 2, 18, 18, 16, 60, 16, 19, 60, 19, 0, 5, 5, 36, 36, 0, 34, 34, 32, 32, 22, 22, 0, 49, 11, 49, 27, 11, 59, 27, 59, 0, 44, 44, 37, 37, 76, 76, 25, 25, 0, 63, 63, 56, 56, 65, 50, 65, 50, 0, 29, 29, 20, 72, 20, 57, 72, 57, 23, 23, 0, 10, 10, 3, 52, 3, 52, 0, 42, 42, 13, 13, 15, 15, 0, 75, 75, 17, 62, 62, 17, 78, 80, 80, 71, 78, 71, 0, 38, 38, 43, 43, 48, 48, 0, 7, 7, 74, 74, 0, 0, 6, 6, 14, 14, 0, 58, 58]
[40, 18, 18, 40, 81, 78, 81, 78, 0, 62, 62, 16, 126, 16, 126, 51, 51, 0, 39, 39, 31, 50, 79, 50, 105, 31, 79, 105, 0, 121, 65, 121, 44, 9, 44, 83, 83, 82, 82, 9, 65, 0, 66, 66, 24, 24, 37, 37, 34, 34, 0, 98, 98, 119, 3, 119, 3, 0, 12, 94, 12, 94, 35, 35, 0, 61, 61, 54, 54, 41, 41, 0, 124, 91, 91, 124, 0, 108, 11, 108, 72, 11, 72, 0, 111, 111, 129, 129, 19, 85, 85, 19, 0, 97, 97, 87, 87, 123, 27, 123, 27, 0, 28, 118, 28, 118, 67, 67, 5, 5, 0, 25, 25, 68, 68, 113, 120, 120, 113, 47, 47, 0, 86, 86, 88, 88, 32, 32, 0, 63, 63, 17, 17, 127, 127, 0, 128, 128, 73, 73, 122, 122, 109, 109, 0, 56, 101, 56, 13, 101, 13, 103, 2, 2, 89, 103, 89, 8, 69, 69, 8, 0, 112, 112, 53, 59, 53, 59, 0, 90, 21, 90, 26, 21, 26, 30, 30, 110, 110, 1, 1, 0, 22, 95, 95, 22, 23, 23, 0, 29, 29, 0, 55, 100, 55, 100, 92, 92, 0, 106, 48, 106, 48, 0, 71, 71, 0, 20, 20, 117, 117, 36, 4, 4, 36, 0, 6, 6, 14, 14, 0, 10, 10, 45, 125, 45, 125, 0, 0, 0, 7, 7, 115, 60, 115, 60, 0, 130, 93, 93, 130, 57, 57, 0, 80, 80, 15, 15, 0, 42, 42, 102, 46, 46, 102, 0, 74, 74, 0, 116, 116, 52, 52, 0, 75, 75, 58, 58, 0, 104, 104, 76, 33, 33, 76, 96, 96, 0, 38, 38, 0, 99, 99, 43, 43, 49, 49, 0, 70, 70, 64, 64, 84, 84, 77, 77, 107, 107, 114, 114]